[gd_scene load_steps=12 format=3 uid="uid://c7mkeu7s5npo7"]

[ext_resource type="PackedScene" uid="uid://btjo2qa60htnp" path="res://block.tscn" id="1_swpyp"]
[ext_resource type="PackedScene" uid="uid://1m6j7uva7rbw" path="res://player.tscn" id="1_w617c"]
[ext_resource type="Texture2D" uid="uid://dxay0t5u518pt" path="res://icon.svg" id="3_8a0c3"]
[ext_resource type="Script" path="res://Icon.gd" id="3_x1m1t"]
[ext_resource type="Script" path="res://RTS_Camera.gd" id="6_fd43r"]

[sub_resource type="BoxMesh" id="BoxMesh_skjck"]
size = Vector3(20, 0.5, 20)

[sub_resource type="Gradient" id="Gradient_c1uca"]
offsets = PackedFloat32Array(0.254098, 0.819672)
colors = PackedColorArray(0, 0.564706, 0.313726, 1, 0.694118, 1, 0, 1)

[sub_resource type="FastNoiseLite" id="FastNoiseLite_du7x3"]

[sub_resource type="NoiseTexture2D" id="NoiseTexture2D_1s2qp"]
width = 1000
height = 1000
seamless = true
color_ramp = SubResource("Gradient_c1uca")
noise = SubResource("FastNoiseLite_du7x3")

[sub_resource type="StandardMaterial3D" id="StandardMaterial3D_2do1e"]
albedo_color = Color(0, 0.807843, 0.368627, 1)
albedo_texture = SubResource("NoiseTexture2D_1s2qp")

[sub_resource type="BoxShape3D" id="BoxShape3D_iyxwu"]
size = Vector3(20, 0.5, 20)

[node name="Level1" type="Node3D"]

[node name="Floor" type="StaticBody3D" parent="."]
transform = Transform3D(1, 0, 0, 0, 1, 0, 0, 0, 1, 0, -0.236213, 0)
metadata/_edit_group_ = true

[node name="MeshInstance3D" type="MeshInstance3D" parent="Floor"]
mesh = SubResource("BoxMesh_skjck")
surface_material_override/0 = SubResource("StandardMaterial3D_2do1e")

[node name="CollisionShape3D" type="CollisionShape3D" parent="Floor"]
shape = SubResource("BoxShape3D_iyxwu")

[node name="DirectionalLight3D" type="DirectionalLight3D" parent="."]
transform = Transform3D(1, 0, 0, 0, 0.260437, 0.965491, 0, -0.965491, 0.260437, 0, 368.908, 2.77793)
shadow_enabled = true

[node name="Player" parent="." instance=ExtResource("1_w617c")]
transform = Transform3D(1, 0, 0, 0, 1, 0, 0, 0, 1, 3, 1.74528, 0)
visible = false

[node name="Blocks" type="Node3D" parent="."]

[node name="Block1" parent="Blocks" instance=ExtResource("1_swpyp")]
transform = Transform3D(0.896788, 0.442461, 0, -0.442461, 0.896788, 0, 0, 0, 1, 0, 2.0054, 0.224528)

[node name="Block2" parent="Blocks" instance=ExtResource("1_swpyp")]
transform = Transform3D(0.531541, 0.46633, 0.707107, -0.65949, 0.751713, 0, -0.531541, -0.46633, 0.707107, 0, 5.0989, 0.224528)

[node name="Block3" parent="Blocks" instance=ExtResource("1_swpyp")]
transform = Transform3D(0.769396, 0.181742, 0.612372, -0.472145, 0.807514, 0.353553, -0.430244, -0.561151, 0.707107, 0.887312, 3.80382, 0.449056)

[node name="Block4" parent="Blocks" instance=ExtResource("1_swpyp")]
transform = Transform3D(0.896788, 0.442461, 0, -0.442461, 0.896788, 0, 0, 0, 1, 0, 2.0054, 0.224528)

[node name="Block5" parent="Blocks" instance=ExtResource("1_swpyp")]
transform = Transform3D(0.531541, 0.46633, 0.707107, -0.65949, 0.751713, 0, -0.531541, -0.46633, 0.707107, 0, 5.0989, 0.224528)

[node name="Block6" parent="Blocks" instance=ExtResource("1_swpyp")]
transform = Transform3D(0.769396, 0.181742, 0.612372, -0.472145, 0.807514, 0.353553, -0.430244, -0.561151, 0.707107, 0.887312, 3.80382, 0.449056)

[node name="Block7" parent="Blocks" instance=ExtResource("1_swpyp")]
transform = Transform3D(0.896788, 0.442461, 0, -0.442461, 0.896788, 0, 0, 0, 1, 0, 2.0054, 0.224528)

[node name="Block8" parent="Blocks" instance=ExtResource("1_swpyp")]
transform = Transform3D(0.531541, 0.46633, 0.707107, -0.65949, 0.751713, 0, -0.531541, -0.46633, 0.707107, 0, 5.0989, 0.224528)

[node name="Block9" parent="Blocks" instance=ExtResource("1_swpyp")]
transform = Transform3D(0.769396, 0.181742, 0.612372, -0.472145, 0.807514, 0.353553, -0.430244, -0.561151, 0.707107, 0.887312, 3.80382, 0.449056)

[node name="Icon" type="Sprite3D" parent="."]
transform = Transform3D(1, 0, 0, 0, 1, 0, 0, 0, 1, 0, 0.834434, 1.50382)
visible = false
texture = ExtResource("3_8a0c3")
script = ExtResource("3_x1m1t")

[node name="CameraBase" type="Node3D" parent="."]
script = ExtResource("6_fd43r")

[node name="CameraSocket" type="Node3D" parent="CameraBase"]
transform = Transform3D(1, 0, 0, 0, 0.707107, 0.707107, 0, -0.707107, 0.707107, 0, 1, 0)

[node name="Camera3D" type="Camera3D" parent="CameraBase/CameraSocket"]
current = true
